001
002
003
004
005
006
007
008
009
010
012
013
014
015
016
017
018
019
020
021
022
023
024
025
026
027
029
030
031
032
033
034
035
036
037
038
039
041
042
044
046
047
051
053
054
055
056
058
059
060
061
063
064
065
066
067
068
072
075
076
077
078
079
080
083
084
087
091
092
093
094
095
097
098
099
100
1000
101
1028
103
1033
104
1042
1054
1055
1056
1057
1058
1059
1060
1061
1062
1063
1064
1065
1066
1067
1067
1068
1069
107
1070
1071
1072
1073
1074
1075
1076
1077
1078
1079
1080
1081
1082
1082
1083
1083
1084
1085
1085
1086
1087
1088
1089
109
1091
1092
1092
1093
1094
1094
1095
1096
1097
1098
1099
110
1100
1101
1102
1103
1104
1105
1106
1107
1107
1108
1109
111
1110
1112
1113
1113
1114
1115
1116
1117
1117
1117
1119
112
1120
1122
1122
1122
1123
1126
1127
113
1131
1132
1133
1135
1138
114
1140
1141
1144
1145
1165
1168
117
119
120
121
122
123
1233
1233
1234
1235
1236
1237
124
1242
1248
125
1255
1257
1258
126
127
1275
128
1286
129
130
131
132
134
135
136
137
138
139
140
141
142
143
144
145
146
147
148
151
152
153
154
155
157
159
164
165
166
168
170
171
172
173
174
175
176
178
179
181
182
184
185
190
191
193
194
195
196
197
198
199
200
203
204
205
206
207
211
213
214
216
217
218
219
220
221
222
223
225
227
228
233
234
235
236
237
238
239
240
241
242
243
244
245
246
247
248
250
251
252
253
254
254
255
255
256
257
260
261
262
263
263
264
264
265
266
268
269
279
286
291
293
295
296
304
310
339
346
347
348
349
349
350
352
409
411
413
419
427
431
436
446
447
448
449
450
451
452
452
453
461
462
464
466
467
468
469
471
472
473
474
477
479
480
481
481
484
486
494
495
515
533
538
539
540
541
543
544
545
546
547
548
549
550
551
554
560
561
562
565
570
585
588
592
618
621
622
623
624
625
626
629
630
631
631
634
634
635
636
637
642
643
644
646
647
648
648
649
657
658
659
660
662
667
668
668
669
670
671
672
673
674
679
681
684
687
688
691
692
693
694
702
727
735
747
761
762
762
763
764
765
766
767
768
769
770
771
772
773
774
775
776
777
778
784
785
800
805
805
811
814
815
816
817
822
837
848
861
862
869
874
878
882
883
884
885
886
887
887
888
889
890
892
893
894
895
896
899
900
901
902
903
904
915
916
936
939
944
945
947
948
961
965
969
971
972
975
983
984
985
990
991
