239
239
2026
761
761
2026
764
764
2026
893
893
2026
747
747
2026
765
765
2026
775
775
2026
626
626
2026
1107
1107
2026
1108
1108
2026
1120
1120
2024
1094
1094
2026
1117
1117
2026
816
816
2026
944
944
2026
815
815
2026
903
903
2026
769
769
2026
296
296
2026
346
346
2026
001
001
2026
002
002
2026
003
003
2026
004
004
2026
005
005
2026
126
126
2026
198
198
2026
099
099
2026
206
206
2026
218
218
2026
168
168
2026
157
157
2026
159
159
2026
219
219
2026
220
220
2026
221
221
2026
184
184
2026
152
152
2026
101
101
2026
228
228
2026
223
223
2026
225
225
2026
227
227
2026
203
203
2026
165
165
2026
222
222
2026
235
235
2026
233
233
2026
238
238
2026
237
237
2026
234
234
2026
240
240
2026
241
241
2026
246
246
2026
247
247
2026
243
243
2026
263
263
2026
253
253
2026
248
248
2026
245
245
2026
251
251
2026
252
252
2026
255
255
2026
261
261
2026
286
286
2026
254
254
2026
256
256
2026
347
347
2026
257
257
2025
268
268
2026
671
671
2024
255
255
2026
674
674
2026
295
295
2026
260
260
2026
348
348
2026
349
349
2026
419
419
2026
446
446
2026
560
560
2026
447
447
2026
448
448
2026
449
449
2026
350
350
2026
450
450
2026
451
451
2026
264
264
2026
409
409
2026
291
291
2026
431
431
2026
349
349
2026
413
413
2026
452
452
2026
262
262
2026
411
411
2026
269
269
2026
452
452
2026
254
254
2026
263
263
2026
265
265
2026
264
264
2026
293
293
2026
461
461
2026
466
466
2026
462
462
2026
464
464
2026
436
436
2026
467
467
2024
484
484
2026
486
486
2026
468
468
2026
339
339
2026
515
515
2026
540
540
2026
538
538
2026
539
539
2024
533
533
2026
541
541
2026
545
545
2026
469
469
2026
472
472
2026
544
544
2026
548
548
2026
543
543
2026
546
546
2026
547
547
2026
453
453
2026
561
561
2026
565
565
2026
562
562
2026
588
588
2026
585
585
2026
592
592
2026
427
427
2024
621
621
2026
629
629
2026
646
646
2026
647
647
2026
658
658
2026
657
657
2026
634
634
2026
687
687
2024
691
691
2026
672
672
2026
688
688
2026
727
727
2026
735
735
2026
766
766
2026
772
772
2026
773
773
2026
774
774
2026
776
776
2026
777
777
2026
767
767
2026
770
770
2026
768
768
2026
570
570
2026
771
771
2026
778
778
2026
785
785
2026
817
817
2026
618
618
2026
814
814
2026
837
837
2024
811
811
2026
848
848
2026
861
861
2026
869
869
2026
874
874
2026
702
702
2026
882
882
2026
883
883
2026
884
884
2026
885
885
2026
886
886
2026
887
887
2026
892
892
2026
890
890
2026
896
896
2026
899
899
2026
916
916
2026
915
915
936
936
2026
900
900
2026
945
945
2026
948
948
2026
800
800
2026
947
947
2026
901
901
2026
961
961
2026
969
969
2026
975
975
2026
971
971
2026
984
984
2026
805
805
2026
805
805
2026
985
985
2026
822
822
2026
902
902
2026
904
904
2026
894
894
2026
895
895
2026
784
784
2026
762
762
2026
763
763
2026
939
939
2026
1100
1100
2026
1092
1092
2026
667
667
2026
668
668
2026
669
669
2026
662
662
2024
965
965
2026
1116
1116
2026
862
862
2026
1094
1094
2026
972
972
2026
1132
1132
2026
1122
1122
2024
1119
1119
2024
1105
1105
2024
1104
1104
2026
1144
1144
2024
983
983
2026
1145
1145
2026
1107
1107
2026
990
990
2026
991
991
2026
1106
1106
2024
1141
1141
2026
1117
1117
2026
1117
1117
2026
1033
1033
2026
644
644
2026
1093
1093
2024
762
762
2026
1042
1042
2026
668
668
2024
1165
1165
2026
1080
1080
2026
673
673
2026
1079
1079
2026
670
670
2024
1234
1234
2026
659
659
2026
660
660
2026
648
648
2026
1081
1081
2026
1098
1098
2026
649
649
2024
642
642
2026
643
643
2024
1235
1235
2026
1248
1248
2026
1236
1236
2026
636
636
2026
1082
1082
2024
630
630
2026
634
634
2024
