282
1001
1022
1128
1272
1273
553
1290
1099
1287
1056
1288
554
494
1067
1127
1255
631
239
761
764
893
747
765
775
695
626
1086
355
1040
1296
1122
1122
1000
1115
1258
474
1107
1108
1120
1094
1117
816
944
815
903
769
296
346
001
002
003
004
005
126
198
099
006
007
008
009
010
012
013
015
016
017
018
020
024
025
027
030
032
033
035
037
038
041
042
044
046
047
054
055
056
058
059
060
061
063
065
066
067
068
072
075
076
077
078
079
080
083
084
087
091
092
093
094
095
097
098
100
104
107
109
112
113
114
117
119
120
121
122
123
124
125
127
128
129
130
131
132
134
135
136
137
138
139
140
141
142
143
144
145
147
148
151
153
154
155
164
166
170
171
172
173
174
175
176
178
179
181
182
185
190
191
193
194
195
196
197
199
200
204
205
207
211
213
214
216
206
217
218
019
021
022
023
026
029
031
034
103
168
036
039
051
053
064
889
110
111
146
157
159
219
220
221
184
152
101
228
223
225
227
203
165
222
235
236
233
238
237
234
240
241
242
246
247
243
263
253
248
245
251
252
255
261
300
286
254
256
347
257
268
671
255
278
674
295
260
348
349
419
446
560
447
448
449
350
450
451
264
409
291
431
349
413
452
262
411
269
452
254
263
265
264
293
461
466
462
464
436
467
484
486
468
339
515
540
538
539
533
541
545
469
472
544
548
543
546
547
453
561
565
562
588
585
592
427
621
629
646
647
658
657
634
687
691
672
688
727
735
766
772
773
774
776
777
767
770
768
570
771
778
785
817
618
814
837
811
848
861
869
874
702
882
883
884
885
886
887
892
890
896
899
916
915
936
900
945
948
800
947
901
961
969
975
971
984
805
805
985
822
902
904
894
895
784
762
763
939
1100
1092
667
668
669
662
965
1116
862
1094
972
1132
1072
1122
1119
1105
1104
1144
983
1145
1107
990
991
1106
1141
1117
1117
1033
644
1093
762
1042
668
1165
1080
673
1079
670
1233
1234
659
660
648
1081
1098
649
642
643
1235
1248
1236
636
1082
630
634
1233
635
1242
637
1084
631
622
1168
244
1087
624
625
471
623
887
1085
1085
648
1088
1083
1089
1091
1138
1078
1076
1077
1092
1257
1074
1073
477
1075
1071
1095
266
250
694
1237
684
549
1068
888
1064
1083
1065
681
473
1062
1060
1114
1061
1067
1063
1059
693
1066
1057
1069
304
480
692
479
014
1102
481
481
495
1126
1135
551
310
279
1112
1113
679
1113
1096
1131
1097
1099
1101
1103
1082
1275
1133
878
1140
1028
352
1123
1070
1109
1110
550
1058
1286
1054
1055
1285
1111
1010
289
1052
1118
1050
1289
1121
1291
1297
1048
1047
1046
1045
1044
1298
1049
1299
1051
1292
1293
1302
1053
284
1301
1256
1294
1300
986
1303
987
875
1039
285
1038
1041
877
340
1306
1305
1301
1276
552
988
1037
552
1025
1043
555
283
493
1124
1023
281
1023
1024
1026
303
287
1027
1029
1129
294
301
1030
1031
1036
313
1307
311
302
