011
012
013
014
015
038
039
040
060
1058
1059
1060
1061
1062
1064
1066
1067
1069
1071
1074
1076
1077
1079
1081
1083
1084
1085
1087
1088
1089
1094
1095
1096
1097
1098
1099
1101
1102
1104
1106
1113
1114
1117
1117
1126
1132
1135
1145
1207
1233
1235
1236
1237
1247
1248
1255
1257
1275
183
224
239
244
249
250
257
261
266
269
279
291
293
310
347
348
349
409
409
411
447
451
452
453
467
468
469
471
473
477
479
480
481
495
515
533
538
539
540
544
545
546
548
549
550
565
570
573
585
621
626
631
634
635
637
642
643
644
647
648
649
657
659
660
661
672
679
680
681
688
694
727
735
767
768
770
771
772
773
774
775
776
777
778
784
805
837
861
862
869
874
878
887
888
892
893
895
900
939
947
948
969
975
983
