299
1018
664
1128
1161
1273
003
1287
1056
1288
239
060
775
1101
1094
011
012
013
014
015
039
040
038
261
257
224
347
348
349
447
451
291
411
269
452
293
468
515
540
545
467
538
539
533
544
469
548
453
565
409
409
621
647
657
183
672
688
727
735
546
772
773
774
776
767
570
768
777
771
770
778
837
861
869
874
573
948
947
805
969
975
895
784
900
862
1132
892
1104
1145
1106
983
1117
1079
1233
1081
1098
648
1117
1235
1236
1247
1248
649
644
642
643
661
637
626
1084
659
660
244
635
631
1087
634
471
1088
1085
1255
1083
1089
939
893
1077
1257
1074
477
1076
887
249
250
694
1237
266
1071
1068
888
1064
549
585
473
681
1060
1114
1062
1061
1059
1066
1069
1095
479
1102
480
1067
481
495
680
1126
1135
310
279
679
1113
1096
1207
1099
1097
1275
317
878
550
1058
1055
1111
1285
1010
1112
1296
1118
659
1048
1298
1051
1121
1293
1292
1299
1291
1302
1289
1300
284
1256
1301
1041
1306
1038
1276
555
1124
1024
493
1023
1026
1277
1284
1272
1030
313
1307
287
1049
282
1127
1022
1296
1035
319
1125
1211
1017
1025
1011
1308
1305
317
1004
1319
1311
1267
1309
352
1274
1245
909
982
993
999
318
1005
1326
1002
998
997
307
1334
1136
309
1020
1270
1279
1335
1202
