001
007
016
017
018
019
020
025
027
029
041
042
044
046
047
051
053
054
055
056
058
059
061
063
064
065
066
067
068
072
075
076
077
078
079
080
083
084
087
091
092
093
094
095
097
098
099
100
1000
101
1010
1028
103
1033
104
1042
1054
1056
1063
1065
1067
107
1070
1072
1073
1075
1078
1080
1082
1082
1083
1085
1086
109
1091
1092
1092
1093
1094
110
1100
1103
1105
1107
1108
1109
111
1111
1112
1113
1115
1116
1117
1117
1119
112
1120
1122
1122
1122
1123
1127
113
1131
1133
1138
114
1140
1141
1144
1165
1168
117
119
120
121
122
123
1233
124
1242
125
126
127
128
1285
1287
129
130
131
132
134
135
136
137
138
139
140
141
142
143
144
145
146
147
148
151
152
153
154
155
157
159
164
165
166
168
170
171
172
173
174
175
176
178
179
181
182
184
185
190
191
193
194
195
196
197
198
199
200
203
204
205
206
207
213
214
216
217
218
219
220
221
222
223
225
227
228
233
234
235
236
237
238
240
241
242
243
245
246
247
248
251
252
253
254
254
255
255
256
262
263
263
264
264
265
268
286
295
304
339
346
349
350
352
413
419
427
431
436
448
449
452
461
462
464
466
472
474
481
484
486
494
541
543
547
551
554
560
561
562
588
592
618
622
624
625
629
630
631
634
636
646
648
658
662
667
668
669
670
671
673
674
684
691
692
693
702
747
761
762
763
765
766
769
785
800
805
811
814
815
817
822
848
882
883
884
885
886
887
889
890
894
896
899
901
902
903
904
916
936
944
945
961
965
971
972
984
985
990
991
